# oST version 5.0 parameters


[image]

width
1440

height
1080

[narrow_stereo]

camera matrix
2424.658448 0.000000 765.210631
0.000000 2430.559934 569.692651
0.000000 0.000000 1.000000

distortion
-0.370666 0.205071 0.001513 0.000373 0.000000

rectification
1.000000 0.000000 0.000000
0.000000 1.000000 0.000000
0.000000 0.000000 1.000000

projection
2342.922119 0.000000 768.602973 0.000000
0.000000 2384.614258 571.401446 0.000000
0.000000 0.000000 1.000000 0.000000
