# oST version 5.0 parameters


[image]

width
1440

height
1080

[narrow_stereo]

camera matrix
2509.694567 0.000000 770.578713
0.000000 2517.359686 537.601903
0.000000 0.000000 1.000000

distortion
-0.378269 0.144945 0.003688 -0.001772 0.000000

rectification
1.000000 0.000000 0.000000
0.000000 1.000000 0.000000
0.000000 0.000000 1.000000

projection
2428.452881 0.000000 772.776099 0.000000
0.000000 2472.595215 538.895425 0.000000
0.000000 0.000000 1.000000 0.000000
